header : 
  cloc_url           : github.com/AlDanial/cloc
  cloc_version       : 1.84
  elapsed_seconds    : 0.0347239971160889
  n_files            : 5
  n_lines            : 3768
  files_per_second   : 143.992639536401
  lines_per_second   : 108512.853154632
  report_file        : /tmp/tmp.7NjfwC85XV
'PHP' :
  nFiles: 5
  blank: 380
  comment: 1715
  code: 1673
SUM: 
  blank: 380
  comment: 1715
  code: 1673
  nFiles: 5
