header : 
  cloc_url           : github.com/AlDanial/cloc
  cloc_version       : 1.84
  elapsed_seconds    : 0.028656005859375
  n_files            : 5
  n_lines            : 3767
  files_per_second   : 174.483493077742
  lines_per_second   : 131455.863684771
  report_file        : /tmp/tmp.NcDRTSPCKm
'PHP' :
  nFiles: 5
  blank: 378
  comment: 1715
  code: 1674
SUM: 
  blank: 378
  comment: 1715
  code: 1674
  nFiles: 5
